Ⅳ-A411, 1, 4, 0, 0, 1, 0, 1
Ⅳ-A411, 2, 4, 0, 0, 0, 1, 1
Ⅳ-A411, 3, 4, 0, 0, 0, 1, 1
Ⅳ-A411, 4, 4, 0, 1, 0, 0, 1
Ⅳ-A411, 5, 4, 1, 0, 0, 0, 1
Ⅳ-A411, 6, 4, 1, 1, 1, 1, 1
Ⅳ-A411, 7, 4, 1, 1, 1, 1, 1
Ⅳ-A312, 1, 4, 0, 0, 0, 0, 1
Ⅳ-A312, 2, 4, 0, 1, 1, 1, 1
Ⅳ-A312, 3, 4, 0, 1, 1, 1, 1
Ⅳ-A312, 4, 4, 1, 1, 0, 0, 1
Ⅳ-A312, 5, 4, 1, 0, 0, 1, 1
Ⅳ-A312, 6, 4, 1, 1, 1, 1, 1
Ⅳ-A312, 7, 4, 1, 1, 1, 1, 1
Ⅳ-B505, 1, 4, 1, 0, 0, 1, 1
Ⅳ-B505, 2, 4, 1, 0, 1, 0, 1
Ⅳ-B505, 3, 4, 1, 0, 1, 1, 1
Ⅳ-B505, 4, 4, 1, 0, 1, 1, 1
Ⅳ-B505, 5, 4, 1, 1, 1, 1, 1
Ⅳ-B505, 6, 4, 1, 1, 1, 1, 1
Ⅳ-B505, 7, 4, 1, 1, 1, 1, 1
Ⅳ-B411, 1, 4, 0, 0, 1, 1, 1
Ⅳ-B411, 2, 4, 0, 1, 0, 1, 1
Ⅳ-B411, 3, 4, 0, 1, 0, 1, 1
Ⅳ-B411, 4, 4, 0, 1, 0, 0, 1
Ⅳ-B411, 5, 4, 0, 1, 0, 1, 1
Ⅳ-B411, 6, 4, 1, 1, 1, 1, 1
Ⅳ-B411, 7, 4, 1, 1, 1, 1, 1
Ⅳ-A308, 1, 4, 0, 1, 1, 0, 1
Ⅳ-A308, 2, 4, 0, 0, 0, 0, 0
Ⅳ-A308, 3, 4, 0, 0, 0, 1, 1
Ⅳ-A308, 4, 4, 0, 0, 0, 1, 0
Ⅳ-A308, 5, 4, 0, 1, 0, 0, 1
Ⅳ-A308, 6, 4, 1, 1, 1, 1, 1
Ⅳ-A308, 7, 4, 1, 1, 1, 1, 1
Ⅳ-A301, 1, 4, 0, 1, 1, 0, 1
Ⅳ-A301, 2, 4, 0, 1, 1, 0, 0
Ⅳ-A301, 3, 4, 0, 1, 0, 0, 1
Ⅳ-A301, 4, 4, 0, 1, 0, 1, 1
Ⅳ-A301, 5, 4, 0, 0, 1, 0, 1
Ⅳ-A301, 6, 4, 1, 1, 0, 0, 1
Ⅳ-A301, 7, 4, 1, 1, 1, 1, 1
Ⅳ-A507, 1, 4, 0, 0, 0, 0, 1
Ⅳ-A507, 2, 4, 0, 0, 0, 0, 1
Ⅳ-A507, 3, 4, 0, 1, 0, 1, 1
Ⅳ-A507, 4, 4, 0, 0, 0, 0, 1
Ⅳ-A507, 5, 4, 0, 0, 1, 0, 1
Ⅳ-A507, 6, 4, 1, 1, 1, 1, 1
Ⅳ-A507, 7, 4, 1, 1, 1, 1, 1
Ⅳ-B406, 1, 4, 0, 1, 1, 0, 1
Ⅳ-B406, 2, 4, 0, 0, 1, 1, 1
Ⅳ-B406, 3, 4, 0, 0, 0, 1, 1
Ⅳ-B406, 4, 4, 0, 1, 0, 0, 1
Ⅳ-B406, 5, 4, 0, 1, 1, 1, 1
Ⅳ-B406, 6, 4, 1, 1, 1, 1, 1
Ⅳ-B406, 7, 4, 1, 1, 1, 1, 1
Ⅳ-B502, 1, 4, 1, 1, 0, 1, 1
Ⅳ-B502, 2, 4, 1, 1, 0, 1, 1
Ⅳ-B502, 3, 4, 1, 1, 1, 1, 1
Ⅳ-B502, 4, 4, 1, 0, 1, 1, 1
Ⅳ-B502, 5, 4, 1, 0, 1, 1, 1
Ⅳ-B502, 6, 4, 1, 1, 1, 1, 1
Ⅳ-B502, 7, 4, 1, 1, 1, 1, 1
Ⅳ-C501, 1, 4, 1, 1, 1, 1, 1
Ⅳ-C501, 2, 4, 1, 1, 1, 1, 1
Ⅳ-C501, 3, 4, 1, 1, 1, 1, 1
Ⅳ-C501, 4, 4, 1, 1, 1, 1, 1
Ⅳ-C501, 5, 4, 1, 1, 1, 1, 1
Ⅳ-C501, 6, 4, 1, 0, 0, 1, 1
Ⅳ-C501, 7, 4, 0, 1, 1, 1, 1
Ⅳ-A204, 1, 4, 0, 0, 0, 0, 1
Ⅳ-A204, 2, 4, 1, 1, 0, 0, 1
Ⅳ-A204, 3, 4, 0, 0, 0, 1, 1
Ⅳ-A204, 4, 4, 0, 0, 1, 1, 1
Ⅳ-A204, 5, 4, 0, 0, 0, 0, 1
Ⅳ-A204, 6, 4, 1, 1, 1, 1, 1
Ⅳ-A204, 7, 4, 1, 1, 1, 1, 1
Ⅳ-A401, 1, 4, 0, 1, 1, 0, 1
Ⅳ-A401, 2, 4, 1, 1, 0, 0, 0
Ⅳ-A401, 3, 4, 1, 1, 0, 1, 1
Ⅳ-A401, 4, 4, 0, 1, 1, 1, 1
Ⅳ-A401, 5, 4, 0, 1, 1, 1, 1
Ⅳ-A401, 6, 4, 1, 1, 1, 1, 1
Ⅳ-A401, 7, 4, 1, 1, 1, 1, 1
Ⅳ-C104, 1, 4, 0, 0, 0, 1, 0
Ⅳ-C104, 2, 4, 0, 1, 1, 0, 0
Ⅳ-C104, 3, 4, 0, 0, 0, 1, 0
Ⅳ-C104, 4, 4, 0, 0, 0, 0, 0
Ⅳ-C104, 5, 4, 0, 0, 0, 0, 1
Ⅳ-C104, 6, 4, 1, 1, 1, 1, 0
Ⅳ-C104, 7, 4, 1, 1, 1, 0, 0
Ⅳ-C106, 1, 4, 0, 1, 0, 0, 0
Ⅳ-C106, 2, 4, 0, 1, 0, 0, 0
Ⅳ-C106, 3, 4, 0, 0, 0, 1, 0
Ⅳ-C106, 4, 4, 0, 0, 0, 1, 0
Ⅳ-C106, 5, 4, 1, 0, 0, 1, 1
Ⅳ-C106, 6, 4, 1, 1, 1, 1, 1
Ⅳ-C106, 7, 4, 1, 1, 0, 1, 0
Ⅳ-C203, 1, 4, 1, 1, 0, 0, 1
Ⅳ-C203, 2, 4, 1, 1, 1, 1, 0
Ⅳ-C203, 3, 4, 0, 1, 1, 1, 0
Ⅳ-C203, 4, 4, 0, 1, 1, 1, 1
Ⅳ-C203, 5, 4, 1, 0, 0, 1, 1
Ⅳ-C203, 6, 4, 0, 1, 1, 1, 1
Ⅳ-C203, 7, 4, 1, 1, 1, 1, 1
Ⅳ-A412, 1, 4, 1, 0, 1, 0, 1
Ⅳ-A412, 2, 4, 1, 0, 0, 0, 1
Ⅳ-A412, 3, 4, 1, 0, 1, 1, 1
Ⅳ-A412, 4, 4, 1, 0, 1, 1, 0
Ⅳ-A412, 5, 4, 1, 1, 1, 1, 1
Ⅳ-A412, 6, 4, 1, 1, 1, 1, 1
Ⅳ-A412, 7, 4, 1, 1, 1, 1, 1
Ⅳ-A403, 1, 4, 0, 0, 1, 0, 1
Ⅳ-A403, 2, 4, 0, 1, 0, 0, 1
Ⅳ-A403, 3, 4, 0, 1, 1, 1, 1
Ⅳ-A403, 4, 4, 0, 0, 0, 0, 1
Ⅳ-A403, 5, 4, 0, 0, 0, 1, 1
Ⅳ-A403, 6, 4, 1, 1, 1, 1, 1
Ⅳ-A403, 7, 4, 1, 1, 1, 1, 1
Ⅳ-C212, 1, 4, 0, 1, 1, 1, 1
Ⅳ-C212, 2, 4, 0, 1, 0, 1, 1
Ⅳ-C212, 3, 4, 0, 0, 0, 1, 1
Ⅳ-C212, 4, 4, 0, 1, 1, 1, 1
Ⅳ-C212, 5, 4, 0, 0, 1, 1, 1
Ⅳ-C212, 6, 4, 1, 1, 1, 1, 1
Ⅳ-C212, 7, 4, 1, 1, 1, 1, 1
Ⅳ-A501, 1, 4, 0, 0, 0, 0, 1
Ⅳ-A501, 2, 4, 0, 0, 1, 1, 1
Ⅳ-A501, 3, 4, 0, 1, 1, 1, 1
Ⅳ-A501, 4, 4, 0, 1, 0, 0, 1
Ⅳ-A501, 5, 4, 0, 0, 0, 0, 1
Ⅳ-A501, 6, 4, 1, 1, 1, 1, 1
Ⅳ-A501, 7, 4, 1, 1, 1, 1, 1
Ⅳ-A111, 1, 4, 0, 0, 0, 0, 0
Ⅳ-A111, 2, 4, 0, 0, 1, 1, 0
Ⅳ-A111, 3, 4, 0, 0, 0, 1, 0
Ⅳ-A111, 4, 4, 0, 1, 0, 0, 0
Ⅳ-A111, 5, 4, 0, 1, 0, 0, 0
Ⅳ-A111, 6, 4, 0, 1, 1, 0, 0
Ⅳ-A111, 7, 4, 1, 1, 1, 1, 1
Ⅳ-A207, 1, 4, 0, 0, 1, 1, 0
Ⅳ-A207, 2, 4, 0, 1, 0, 1, 0
Ⅳ-A207, 3, 4, 0, 1, 0, 1, 0
Ⅳ-A207, 4, 4, 0, 1, 0, 0, 0
Ⅳ-A207, 5, 4, 1, 1, 0, 0, 1
Ⅳ-A207, 6, 4, 0, 1, 1, 0, 0
Ⅳ-A207, 7, 4, 1, 1, 1, 0, 0
Ⅳ-A208, 1, 4, 0, 1, 0, 0, 0
Ⅳ-A208, 2, 4, 0, 0, 0, 0, 0
Ⅳ-A208, 3, 4, 0, 0, 0, 1, 0
Ⅳ-A208, 4, 4, 0, 0, 0, 0, 0
Ⅳ-A208, 5, 4, 1, 0, 0, 1, 1
Ⅳ-A208, 6, 4, 1, 1, 1, 0, 0
Ⅳ-A208, 7, 4, 1, 1, 1, 1, 0
Ⅳ-A112, 1, 4, 0, 0, 1, 0, 0
Ⅳ-A112, 2, 4, 0, 0, 0, 1, 0
Ⅳ-A112, 3, 4, 0, 1, 0, 1, 0
Ⅳ-A112, 4, 4, 0, 0, 0, 0, 0
Ⅳ-A112, 5, 4, 1, 0, 1, 0, 1
Ⅳ-A112, 6, 4, 1, 1, 1, 1, 1
Ⅳ-A112, 7, 4, 1, 1, 1, 0, 0
Ⅳ-A410, 1, 4, 1, 1, 1, 0, 1
Ⅳ-A410, 2, 4, 1, 1, 1, 1, 1
Ⅳ-A410, 3, 4, 1, 1, 1, 1, 1
Ⅳ-A410, 4, 4, 1, 1, 1, 1, 1
Ⅳ-A410, 5, 4, 1, 1, 1, 1, 1
Ⅳ-A410, 6, 4, 1, 1, 1, 1, 1
Ⅳ-A410, 7, 4, 1, 1, 1, 1, 1
Ⅳ-C502, 1, 4, 1, 1, 1, 1, 1
Ⅳ-C502, 2, 4, 1, 1, 1, 1, 1
Ⅳ-C502, 3, 4, 1, 1, 1, 1, 1
Ⅳ-C502, 4, 4, 1, 1, 1, 1, 1
Ⅳ-C502, 5, 4, 1, 1, 1, 1, 1
Ⅳ-C502, 6, 4, 0, 0, 1, 1, 1
Ⅳ-C502, 7, 4, 1, 1, 1, 1, 1
Ⅳ-B507, 1, 4, 1, 1, 0, 1, 1
Ⅳ-B507, 2, 4, 1, 1, 0, 1, 1
Ⅳ-B507, 3, 4, 1, 0, 1, 1, 1
Ⅳ-B507, 4, 4, 1, 1, 1, 0, 1
Ⅳ-B507, 5, 4, 1, 0, 1, 1, 1
Ⅳ-B507, 6, 4, 1, 1, 1, 1, 1
Ⅳ-B507, 7, 4, 1, 1, 1, 1, 1
Ⅳ-B309, 1, 4, 1, 0, 1, 1, 1
Ⅳ-B309, 2, 4, 0, 0, 1, 1, 1
Ⅳ-B309, 3, 4, 0, 1, 1, 1, 1
Ⅳ-B309, 4, 4, 0, 1, 0, 0, 1
Ⅳ-B309, 5, 4, 1, 1, 0, 1, 1
Ⅳ-B309, 6, 4, 1, 1, 1, 1, 1
Ⅳ-B309, 7, 4, 1, 1, 1, 1, 1
Ⅳ-B501, 1, 4, 1, 1, 1, 0, 1
Ⅳ-B501, 2, 4, 1, 0, 0, 1, 1
Ⅳ-B501, 3, 4, 1, 0, 1, 1, 1
Ⅳ-B501, 4, 4, 0, 1, 1, 0, 1
Ⅳ-B501, 5, 4, 0, 1, 1, 1, 1
Ⅳ-B501, 6, 4, 1, 1, 1, 1, 1
Ⅳ-B501, 7, 4, 1, 1, 1, 1, 1
Ⅳ-B308, 1, 4, 1, 1, 0, 0, 1
Ⅳ-B308, 2, 4, 0, 0, 0, 1, 1
Ⅳ-B308, 3, 4, 0, 0, 1, 1, 1
Ⅳ-B308, 4, 4, 0, 1, 0, 0, 1
Ⅳ-B308, 5, 4, 0, 1, 0, 1, 1
Ⅳ-B308, 6, 4, 1, 1, 1, 1, 1
Ⅳ-B308, 7, 4, 1, 1, 1, 1, 1
Ⅳ-B412, 1, 4, 1, 1, 1, 0, 1
Ⅳ-B412, 2, 4, 0, 0, 0, 0, 1
Ⅳ-B412, 3, 4, 1, 0, 1, 1, 1
Ⅳ-B412, 4, 4, 1, 0, 0, 1, 1
Ⅳ-B412, 5, 4, 0, 1, 1, 0, 1
Ⅳ-B412, 6, 4, 1, 1, 1, 1, 1
Ⅳ-B412, 7, 4, 1, 1, 1, 1, 1
Ⅳ-A103, 1, 4, 0, 0, 1, 0, 1
Ⅳ-A103, 2, 4, 0, 0, 0, 1, 0
Ⅳ-A103, 3, 4, 0, 0, 0, 1, 0
Ⅳ-A103, 4, 4, 0, 0, 0, 1, 1
Ⅳ-A103, 5, 4, 0, 1, 0, 1, 0
Ⅳ-A103, 6, 4, 1, 1, 1, 0, 1
Ⅳ-A103, 7, 4, 1, 1, 1, 0, 0
Ⅳ-C101, 1, 4, 1, 0, 0, 0, 0
Ⅳ-C101, 2, 4, 0, 0, 0, 0, 0
Ⅳ-C101, 3, 4, 0, 0, 1, 1, 0
Ⅳ-C101, 4, 4, 0, 0, 0, 1, 0
Ⅳ-C101, 5, 4, 0, 1, 0, 0, 0
Ⅳ-C101, 6, 4, 0, 1, 1, 0, 0
Ⅳ-C101, 7, 4, 0, 0, 1, 0, 0
Ⅳ-A303, 1, 4, 1, 0, 1, 0, 0
Ⅳ-A303, 2, 4, 0, 0, 0, 0, 1
Ⅳ-A303, 3, 4, 0, 0, 1, 1, 1
Ⅳ-A303, 4, 4, 0, 0, 0, 0, 0
Ⅳ-A303, 5, 4, 1, 1, 0, 0, 1
Ⅳ-A303, 6, 4, 1, 1, 1, 1, 1
Ⅳ-A303, 7, 4, 1, 1, 1, 1, 1
Ⅳ-A502, 1, 4, 0, 1, 0, 0, 1
Ⅳ-A502, 2, 4, 0, 0, 0, 0, 1
Ⅳ-A502, 3, 4, 0, 0, 0, 1, 1
Ⅳ-A502, 4, 4, 0, 0, 0, 1, 1
Ⅳ-A502, 5, 4, 0, 0, 1, 1, 1
Ⅳ-A502, 6, 4, 1, 1, 1, 1, 1
Ⅳ-A502, 7, 4, 1, 1, 1, 1, 1
Ⅳ-A504, 1, 4, 1, 0, 1, 0, 1
Ⅳ-A504, 2, 4, 0, 1, 1, 0, 1
Ⅳ-A504, 3, 4, 0, 0, 1, 1, 1
Ⅳ-A504, 4, 4, 1, 1, 0, 0, 1
Ⅳ-A504, 5, 4, 0, 1, 0, 1, 1
Ⅳ-A504, 6, 4, 1, 1, 1, 1, 1
Ⅳ-A504, 7, 4, 1, 1, 1, 1, 1
Ⅳ-A210, 1, 4, 0, 1, 1, 0, 0
Ⅳ-A210, 2, 4, 0, 0, 0, 0, 1
Ⅳ-A210, 3, 4, 1, 0, 0, 1, 0
Ⅳ-A210, 4, 4, 0, 0, 0, 1, 0
Ⅳ-A210, 5, 4, 1, 0, 1, 0, 1
Ⅳ-A210, 6, 4, 1, 1, 1, 0, 1
Ⅳ-A210, 7, 4, 1, 1, 1, 0, 0
Ⅳ-C210, 1, 4, 0, 0, 0, 0, 1
Ⅳ-C210, 2, 4, 0, 1, 0, 1, 1
Ⅳ-C210, 3, 4, 0, 0, 0, 1, 1
Ⅳ-C210, 4, 4, 0, 0, 1, 0, 1
Ⅳ-C210, 5, 4, 0, 1, 0, 1, 1
Ⅳ-C210, 6, 4, 1, 1, 1, 1, 1
Ⅳ-C210, 7, 4, 1, 1, 1, 1, 1
Ⅳ-A202, 1, 4, 0, 0, 0, 0, 0
Ⅳ-A202, 2, 4, 0, 0, 0, 0, 1
Ⅳ-A202, 3, 4, 0, 0, 0, 0, 1
Ⅳ-A202, 4, 4, 0, 0, 0, 0, 1
Ⅳ-A202, 5, 4, 0, 0, 0, 0, 1
Ⅳ-A202, 6, 4, 1, 1, 1, 1, 1
Ⅳ-A202, 7, 4, 1, 1, 1, 1, 1
Ⅳ-A509, 1, 4, 0, 1, 0, 0, 1
Ⅳ-A509, 2, 4, 0, 0, 0, 0, 1
Ⅳ-A509, 3, 4, 0, 0, 0, 1, 1
Ⅳ-A509, 4, 4, 0, 0, 0, 0, 1
Ⅳ-A509, 5, 4, 0, 1, 1, 0, 1
Ⅳ-A509, 6, 4, 1, 1, 1, 1, 1
Ⅳ-A509, 7, 4, 1, 1, 1, 1, 1
Ⅳ-A101, 1, 4, 0, 1, 1, 1, 1
Ⅳ-A101, 2, 4, 1, 0, 0, 0, 1
Ⅳ-A101, 3, 4, 1, 1, 0, 1, 1
Ⅳ-A101, 4, 4, 0, 1, 0, 0, 0
Ⅳ-A101, 5, 4, 0, 1, 1, 0, 1
Ⅳ-A101, 6, 4, 1, 0, 0, 1, 1
Ⅳ-A101, 7, 4, 1, 1, 1, 1, 0
Ⅳ-A108, 1, 4, 1, 0, 0, 0, 0
Ⅳ-A108, 2, 4, 0, 1, 0, 1, 0
Ⅳ-A108, 3, 4, 0, 0, 0, 1, 1
Ⅳ-A108, 4, 4, 0, 1, 0, 1, 0
Ⅳ-A108, 5, 4, 0, 0, 1, 0, 0
Ⅳ-A108, 6, 4, 0, 0, 1, 0, 0
Ⅳ-A108, 7, 4, 1, 1, 1, 1, 0
Ⅳ-A106, 1, 4, 0, 0, 0, 0, 0
Ⅳ-A106, 2, 4, 0, 1, 0, 0, 0
Ⅳ-A106, 3, 4, 0, 0, 0, 1, 0
Ⅳ-A106, 4, 4, 0, 0, 0, 0, 1
Ⅳ-A106, 5, 4, 0, 0, 0, 1, 0
Ⅳ-A106, 6, 4, 1, 1, 1, 1, 1
Ⅳ-A106, 7, 4, 1, 1, 1, 1, 0
Ⅳ-A506, 1, 4, 0, 0, 0, 0, 1
Ⅳ-A506, 2, 4, 0, 0, 1, 0, 1
Ⅳ-A506, 3, 4, 0, 0, 0, 1, 1
Ⅳ-A506, 4, 4, 0, 0, 0, 0, 1
Ⅳ-A506, 5, 4, 0, 1, 1, 0, 1
Ⅳ-A506, 6, 4, 1, 1, 1, 1, 1
Ⅳ-A506, 7, 4, 1, 1, 1, 1, 1
Ⅳ-C103, 1, 4, 0, 0, 0, 0, 0
Ⅳ-C103, 2, 4, 0, 0, 0, 0, 0
Ⅳ-C103, 3, 4, 0, 0, 0, 1, 1
Ⅳ-C103, 4, 4, 0, 0, 0, 1, 0
Ⅳ-C103, 5, 4, 0, 0, 0, 0, 1
Ⅳ-C103, 6, 4, 1, 1, 1, 0, 1
Ⅳ-C103, 7, 4, 1, 1, 1, 1, 0
Ⅳ-C102, 1, 4, 0, 0, 0, 0, 0
Ⅳ-C102, 2, 4, 0, 0, 1, 0, 0
Ⅳ-C102, 3, 4, 0, 0, 0, 1, 0
Ⅳ-C102, 4, 4, 0, 1, 0, 0, 0
Ⅳ-C102, 5, 4, 0, 0, 0, 0, 1
Ⅳ-C102, 6, 4, 1, 1, 1, 0, 0
Ⅳ-C102, 7, 4, 1, 1, 1, 0, 0
Ⅳ-C505, 1, 4, 1, 1, 1, 1, 1
Ⅳ-C505, 2, 4, 1, 1, 1, 1, 1
Ⅳ-C505, 3, 4, 1, 1, 1, 1, 1
Ⅳ-C505, 4, 4, 1, 1, 1, 1, 1
Ⅳ-C505, 5, 4, 1, 1, 1, 1, 1
Ⅳ-C505, 6, 4, 0, 1, 1, 1, 1
Ⅳ-C505, 7, 4, 0, 1, 1, 1, 1
Ⅳ-A409, 1, 4, 0, 0, 0, 0, 1
Ⅳ-A409, 2, 4, 0, 1, 0, 0, 1
Ⅳ-A409, 3, 4, 0, 0, 0, 1, 1
Ⅳ-A409, 4, 4, 0, 0, 0, 0, 1
Ⅳ-A409, 5, 4, 1, 1, 1, 0, 1
Ⅳ-A409, 6, 4, 1, 1, 1, 1, 1
Ⅳ-A409, 7, 4, 1, 1, 1, 1, 1
Ⅳ-B306, 1, 4, 0, 0, 0, 0, 0
Ⅳ-B306, 2, 4, 1, 1, 0, 0, 1
Ⅳ-B306, 3, 4, 0, 0, 1, 1, 1
Ⅳ-B306, 4, 4, 0, 0, 1, 0, 1
Ⅳ-B306, 5, 4, 0, 0, 1, 1, 1
Ⅳ-B306, 6, 4, 1, 1, 1, 1, 1
Ⅳ-B306, 7, 4, 1, 1, 1, 1, 1
Ⅳ-B311, 1, 4, 0, 0, 0, 0, 1
Ⅳ-B311, 2, 4, 1, 1, 0, 0, 1
Ⅳ-B311, 3, 4, 0, 0, 1, 1, 1
Ⅳ-B311, 4, 4, 0, 1, 1, 0, 1
Ⅳ-B311, 5, 4, 0, 1, 0, 0, 1
Ⅳ-B311, 6, 4, 1, 1, 1, 1, 1
Ⅳ-B311, 7, 4, 1, 1, 1, 1, 1
Ⅳ-C209, 1, 4, 0, 1, 1, 0, 1
Ⅳ-C209, 2, 4, 0, 1, 0, 1, 1
Ⅳ-C209, 3, 4, 0, 0, 1, 1, 1
Ⅳ-C209, 4, 4, 0, 0, 1, 1, 1
Ⅳ-C209, 5, 4, 0, 1, 0, 1, 1
Ⅳ-C209, 6, 4, 1, 1, 1, 1, 1
Ⅳ-C209, 7, 4, 1, 1, 1, 1, 1
Ⅳ-C105, 1, 4, 0, 1, 0, 0, 0
Ⅳ-C105, 2, 4, 0, 1, 1, 0, 0
Ⅳ-C105, 3, 4, 0, 0, 0, 1, 0
Ⅳ-C105, 4, 4, 1, 0, 0, 1, 0
Ⅳ-C105, 5, 4, 0, 0, 0, 1, 1
Ⅳ-C105, 6, 4, 1, 1, 1, 1, 0
Ⅳ-C105, 7, 4, 1, 1, 1, 1, 0
Ⅳ-B312, 1, 4, 0, 0, 1, 1, 1
Ⅳ-B312, 2, 4, 1, 1, 0, 1, 1
Ⅳ-B312, 3, 4, 0, 0, 0, 1, 1
Ⅳ-B312, 4, 4, 0, 1, 1, 0, 1
Ⅳ-B312, 5, 4, 1, 0, 0, 1, 1
Ⅳ-B312, 6, 4, 1, 1, 1, 1, 1
Ⅳ-B312, 7, 4, 1, 1, 1, 1, 1
Ⅳ-A404, 1, 4, 0, 1, 0, 0, 1
Ⅳ-A404, 2, 4, 0, 1, 1, 0, 1
Ⅳ-A404, 3, 4, 0, 0, 0, 1, 1
Ⅳ-A404, 4, 4, 1, 0, 0, 0, 1
Ⅳ-A404, 5, 4, 0, 1, 0, 1, 1
Ⅳ-A404, 6, 4, 1, 1, 1, 1, 1
Ⅳ-A404, 7, 4, 1, 1, 1, 1, 1
Ⅳ-B409, 1, 4, 0, 1, 1, 1, 0
Ⅳ-B409, 2, 4, 0, 1, 0, 1, 1
Ⅳ-B409, 3, 4, 1, 0, 1, 1, 1
Ⅳ-B409, 4, 4, 0, 1, 0, 1, 1
Ⅳ-B409, 5, 4, 1, 1, 0, 0, 1
Ⅳ-B409, 6, 4, 1, 1, 1, 1, 1
Ⅳ-B409, 7, 4, 1, 1, 1, 1, 1
Ⅳ-C108, 1, 4, 0, 1, 0, 1, 0
Ⅳ-C108, 2, 4, 0, 1, 0, 0, 0
Ⅳ-C108, 3, 4, 0, 0, 0, 1, 0
Ⅳ-C108, 4, 4, 0, 1, 0, 0, 0
Ⅳ-C108, 5, 4, 0, 0, 0, 0, 1
Ⅳ-C108, 6, 4, 1, 1, 1, 1, 1
Ⅳ-C108, 7, 4, 1, 1, 1, 1, 0
Ⅳ-A102, 1, 4, 0, 1, 1, 1, 1
Ⅳ-A102, 2, 4, 0, 0, 0, 0, 0
Ⅳ-A102, 3, 4, 0, 1, 1, 1, 0
Ⅳ-A102, 4, 4, 0, 0, 0, 0, 1
Ⅳ-A102, 5, 4, 1, 1, 0, 1, 1
Ⅳ-A102, 6, 4, 1, 1, 1, 1, 1
Ⅳ-A102, 7, 4, 1, 1, 1, 1, 1
Ⅳ-A203, 1, 4, 0, 0, 0, 1, 1
Ⅳ-A203, 2, 4, 0, 1, 1, 0, 0
Ⅳ-A203, 3, 4, 0, 0, 0, 1, 1
Ⅳ-A203, 4, 4, 0, 1, 0, 0, 1
Ⅳ-A203, 5, 4, 0, 0, 0, 1, 0
Ⅳ-A203, 6, 4, 1, 1, 1, 1, 1
Ⅳ-A203, 7, 4, 1, 1, 1, 1, 1
Ⅳ-B408, 1, 4, 0, 1, 0, 0, 1
Ⅳ-B408, 2, 4, 0, 1, 0, 0, 1
Ⅳ-B408, 3, 4, 0, 1, 0, 1, 1
Ⅳ-B408, 4, 4, 0, 0, 0, 0, 1
Ⅳ-B408, 5, 4, 0, 1, 1, 1, 1
Ⅳ-B408, 6, 4, 1, 1, 1, 1, 1
Ⅳ-B408, 7, 4, 1, 1, 1, 1, 1
Ⅳ-A206, 1, 4, 0, 1, 1, 0, 0
Ⅳ-A206, 2, 4, 1, 0, 0, 0, 1
Ⅳ-A206, 3, 4, 0, 1, 1, 1, 1
Ⅳ-A206, 4, 4, 0, 0, 0, 0, 1
Ⅳ-A206, 5, 4, 0, 0, 0, 1, 1
Ⅳ-A206, 6, 4, 1, 1, 1, 1, 1
Ⅳ-A206, 7, 4, 1, 1, 1, 1, 1
Ⅳ-C208, 1, 4, 0, 1, 0, 0, 1
Ⅳ-C208, 2, 4, 0, 1, 0, 0, 1
Ⅳ-C208, 3, 4, 1, 0, 0, 1, 1
Ⅳ-C208, 4, 4, 0, 0, 0, 0, 1
Ⅳ-C208, 5, 4, 1, 1, 0, 0, 1
Ⅳ-C208, 6, 4, 1, 1, 1, 1, 1
Ⅳ-C208, 7, 4, 0, 0, 1, 1, 1
Ⅳ-A307, 1, 4, 0, 0, 0, 0, 1
Ⅳ-A307, 2, 4, 0, 0, 0, 0, 0
Ⅳ-A307, 3, 4, 0, 1, 0, 1, 1
Ⅳ-A307, 4, 4, 0, 0, 0, 0, 0
Ⅳ-A307, 5, 4, 0, 0, 0, 0, 1
Ⅳ-A307, 6, 4, 1, 1, 1, 1, 1
Ⅳ-A307, 7, 4, 1, 1, 1, 1, 1
Ⅳ-C206, 1, 4, 0, 0, 0, 1, 1
Ⅳ-C206, 2, 4, 1, 0, 1, 1, 1
Ⅳ-C206, 3, 4, 0, 1, 0, 1, 1
Ⅳ-C206, 4, 4, 1, 0, 1, 0, 1
Ⅳ-C206, 5, 4, 1, 1, 1, 1, 1
Ⅳ-C206, 6, 4, 1, 1, 1, 1, 1
Ⅳ-C206, 7, 4, 1, 1, 1, 1, 1
Ⅳ-A109, 1, 4, 0, 0, 0, 0, 0
Ⅳ-A109, 2, 4, 0, 0, 0, 0, 0
Ⅳ-A109, 3, 4, 0, 0, 0, 1, 0
Ⅳ-A109, 4, 4, 0, 0, 0, 0, 0
Ⅳ-A109, 5, 4, 1, 0, 1, 0, 0
Ⅳ-A109, 6, 4, 0, 1, 1, 0, 1
Ⅳ-A109, 7, 4, 1, 1, 1, 1, 0
Ⅳ-B310, 1, 4, 1, 1, 0, 0, 1
Ⅳ-B310, 2, 4, 0, 0, 1, 0, 1
Ⅳ-B310, 3, 4, 0, 0, 0, 1, 1
Ⅳ-B310, 4, 4, 1, 0, 0, 0, 1
Ⅳ-B310, 5, 4, 0, 1, 0, 0, 1
Ⅳ-B310, 6, 4, 1, 1, 1, 1, 1
Ⅳ-B310, 7, 4, 1, 1, 1, 1, 1
Ⅳ-A406, 1, 4, 0, 0, 0, 0, 1
Ⅳ-A406, 2, 4, 0, 1, 0, 1, 1
Ⅳ-A406, 3, 4, 0, 0, 0, 1, 1
Ⅳ-A406, 4, 4, 0, 0, 0, 0, 1
Ⅳ-A406, 5, 4, 0, 1, 1, 0, 1
Ⅳ-A406, 6, 4, 1, 1, 1, 1, 1
Ⅳ-A406, 7, 4, 1, 1, 1, 1, 1
Ⅳ-B410, 1, 4, 0, 1, 0, 0, 1
Ⅳ-B410, 2, 4, 0, 1, 1, 0, 1
Ⅳ-B410, 3, 4, 0, 1, 0, 1, 1
Ⅳ-B410, 4, 4, 0, 0, 0, 0, 1
Ⅳ-B410, 5, 4, 0, 0, 1, 1, 1
Ⅳ-B410, 6, 4, 1, 1, 1, 1, 1
Ⅳ-B410, 7, 4, 1, 1, 1, 1, 1
Ⅳ-A309, 1, 4, 0, 0, 1, 0, 1
Ⅳ-A309, 2, 4, 0, 1, 0, 1, 1
Ⅳ-A309, 3, 4, 0, 0, 1, 1, 1
Ⅳ-A309, 4, 4, 0, 1, 0, 0, 0
Ⅳ-A309, 5, 4, 1, 1, 0, 0, 1
Ⅳ-A309, 6, 4, 1, 1, 1, 1, 1
Ⅳ-A309, 7, 4, 1, 1, 1, 1, 1
Ⅳ-B401, 1, 4, 0, 1, 0, 1, 1
Ⅳ-B401, 2, 4, 1, 1, 0, 1, 1
Ⅳ-B401, 3, 4, 0, 1, 0, 1, 1
Ⅳ-B401, 4, 4, 0, 1, 1, 1, 1
Ⅳ-B401, 5, 4, 0, 1, 1, 1, 1
Ⅳ-B401, 6, 4, 1, 1, 1, 1, 1
Ⅳ-B401, 7, 4, 1, 1, 1, 1, 1
Ⅳ-B314, 1, 4, 0, 0, 0, 0, 1
Ⅳ-B314, 2, 4, 0, 0, 0, 0, 1
Ⅳ-B314, 3, 4, 0, 0, 0, 1, 1
Ⅳ-B314, 4, 4, 0, 1, 0, 0, 1
Ⅳ-B314, 5, 4, 0, 1, 0, 0, 1
Ⅳ-B314, 6, 4, 1, 1, 1, 1, 1
Ⅳ-B314, 7, 4, 1, 1, 1, 1, 1
Ⅳ-A311, 1, 4, 0, 0, 0, 0, 1
Ⅳ-A311, 2, 4, 0, 1, 0, 1, 1
Ⅳ-A311, 3, 4, 1, 0, 1, 1, 1
Ⅳ-A311, 4, 4, 0, 0, 0, 0, 0
Ⅳ-A311, 5, 4, 1, 1, 0, 1, 1
Ⅳ-A311, 6, 4, 1, 1, 1, 1, 1
Ⅳ-A311, 7, 4, 1, 1, 1, 1, 1
Ⅳ-A212, 1, 4, 0, 0, 1, 0, 0
Ⅳ-A212, 2, 4, 0, 0, 0, 0, 0
Ⅳ-A212, 3, 4, 1, 0, 0, 1, 0
Ⅳ-A212, 4, 4, 0, 0, 0, 0, 0
Ⅳ-A212, 5, 4, 0, 1, 1, 0, 1
Ⅳ-A212, 6, 4, 1, 1, 1, 1, 1
Ⅳ-A212, 7, 4, 1, 1, 1, 1, 1
Ⅳ-A306, 1, 4, 0, 0, 0, 0, 1
Ⅳ-A306, 2, 4, 0, 0, 1, 0, 1
Ⅳ-A306, 3, 4, 0, 0, 1, 1, 1
Ⅳ-A306, 4, 4, 1, 0, 0, 0, 1
Ⅳ-A306, 5, 4, 0, 0, 1, 0, 1
Ⅳ-A306, 6, 4, 1, 1, 1, 1, 1
Ⅳ-A306, 7, 4, 1, 0, 1, 1, 1
Ⅳ-B414, 1, 4, 1, 0, 0, 1, 1
Ⅳ-B414, 2, 4, 0, 1, 0, 0, 1
Ⅳ-B414, 3, 4, 1, 1, 1, 1, 1
Ⅳ-B414, 4, 4, 0, 0, 0, 1, 1
Ⅳ-B414, 5, 4, 0, 1, 1, 0, 1
Ⅳ-B414, 6, 4, 1, 1, 1, 1, 1
Ⅳ-B414, 7, 4, 1, 1, 1, 1, 1
Ⅳ-B403, 1, 4, 1, 1, 1, 1, 1
Ⅳ-B403, 2, 4, 1, 1, 1, 0, 1
Ⅳ-B403, 3, 4, 0, 1, 1, 1, 1
Ⅳ-B403, 4, 4, 1, 0, 1, 0, 1
Ⅳ-B403, 5, 4, 1, 1, 0, 1, 1
Ⅳ-B403, 6, 4, 1, 1, 1, 1, 1
Ⅳ-B403, 7, 4, 1, 1, 1, 1, 1
Ⅳ-A209, 1, 4, 0, 0, 0, 0, 0
Ⅳ-A209, 2, 4, 0, 1, 0, 1, 0
Ⅳ-A209, 3, 4, 0, 0, 0, 1, 0
Ⅳ-A209, 4, 4, 0, 1, 0, 0, 0
Ⅳ-A209, 5, 4, 0, 0, 1, 1, 1
Ⅳ-A209, 6, 4, 1, 1, 1, 0, 1
Ⅳ-A209, 7, 4, 0, 1, 1, 1, 0
Ⅳ-A302, 1, 4, 0, 1, 1, 0, 1
Ⅳ-A302, 2, 4, 0, 1, 0, 0, 1
Ⅳ-A302, 3, 4, 0, 1, 1, 1, 1
Ⅳ-A302, 4, 4, 0, 0, 0, 1, 1
Ⅳ-A302, 5, 4, 1, 0, 1, 1, 1
Ⅳ-A302, 6, 4, 1, 1, 1, 1, 1
Ⅳ-A302, 7, 4, 1, 1, 1, 1, 1
Ⅳ-C107, 1, 4, 0, 1, 0, 0, 0
Ⅳ-C107, 2, 4, 0, 0, 0, 0, 0
Ⅳ-C107, 3, 4, 0, 0, 0, 1, 0
Ⅳ-C107, 4, 4, 0, 0, 0, 0, 0
Ⅳ-C107, 5, 4, 0, 0, 0, 1, 1
Ⅳ-C107, 6, 4, 1, 1, 1, 1, 1
Ⅳ-C107, 7, 4, 1, 1, 1, 1, 0
Ⅳ-B301, 1, 4, 0, 1, 0, 1, 1
Ⅳ-B301, 2, 4, 0, 0, 0, 1, 1
Ⅳ-B301, 3, 4, 0, 1, 0, 1, 1
Ⅳ-B301, 4, 4, 0, 1, 0, 0, 1
Ⅳ-B301, 5, 4, 1, 1, 1, 1, 1
Ⅳ-B301, 6, 4, 1, 1, 1, 1, 1
Ⅳ-B301, 7, 4, 1, 1, 1, 1, 1
Ⅳ-C205, 1, 4, 0, 1, 0, 0, 1
Ⅳ-C205, 2, 4, 1, 1, 0, 1, 1
Ⅳ-C205, 3, 4, 0, 0, 1, 1, 1
Ⅳ-C205, 4, 4, 0, 1, 1, 1, 1
Ⅳ-C205, 5, 4, 0, 0, 0, 1, 1
Ⅳ-C205, 6, 4, 1, 1, 1, 1, 1
Ⅳ-C205, 7, 4, 1, 1, 1, 1, 1
Ⅳ-B303, 1, 4, 0, 0, 0, 0, 1
Ⅳ-B303, 2, 4, 0, 0, 0, 0, 1
Ⅳ-B303, 3, 4, 1, 0, 1, 1, 1
Ⅳ-B303, 4, 4, 0, 0, 0, 0, 0
Ⅳ-B303, 5, 4, 0, 1, 1, 1, 1
Ⅳ-B303, 6, 4, 1, 1, 1, 1, 1
Ⅳ-B303, 7, 4, 1, 1, 1, 1, 1
Ⅳ-C513, 1, 4, 0, 0, 0, 0, 1
Ⅳ-C513, 2, 4, 0, 0, 1, 1, 1
Ⅳ-C513, 3, 4, 0, 0, 0, 0, 1
Ⅳ-C513, 4, 4, 0, 0, 0, 0, 1
Ⅳ-C513, 5, 4, 1, 1, 0, 0, 1
Ⅳ-C513, 6, 4, 1, 1, 1, 1, 1
Ⅳ-C513, 7, 4, 1, 1, 1, 1, 1
Ⅳ-A104, 1, 4, 0, 0, 1, 0, 1
Ⅳ-A104, 2, 4, 0, 1, 0, 0, 0
Ⅳ-A104, 3, 4, 0, 0, 0, 1, 0
Ⅳ-A104, 4, 4, 0, 0, 0, 1, 0
Ⅳ-A104, 5, 4, 0, 0, 0, 0, 1
Ⅳ-A104, 6, 4, 1, 1, 1, 1, 1
Ⅳ-A104, 7, 4, 1, 1, 1, 1, 0
Ⅳ-A310, 1, 4, 0, 1, 1, 0, 1
Ⅳ-A310, 2, 4, 0, 1, 0, 1, 1
Ⅳ-A310, 3, 4, 0, 0, 0, 1, 1
Ⅳ-A310, 4, 4, 0, 1, 0, 0, 0
Ⅳ-A310, 5, 4, 0, 1, 1, 1, 1
Ⅳ-A310, 6, 4, 1, 1, 1, 1, 1
Ⅳ-A310, 7, 4, 1, 1, 1, 1, 1
Ⅳ-A304, 1, 4, 0, 1, 1, 0, 1
Ⅳ-A304, 2, 4, 0, 0, 0, 1, 1
Ⅳ-A304, 3, 4, 0, 0, 0, 1, 1
Ⅳ-A304, 4, 4, 0, 0, 0, 0, 1
Ⅳ-A304, 5, 4, 0, 1, 1, 1, 1
Ⅳ-A304, 6, 4, 1, 1, 1, 1, 1
Ⅳ-A304, 7, 4, 1, 1, 1, 1, 1
Ⅳ-B407, 1, 4, 0, 1, 0, 1, 1
Ⅳ-B407, 2, 4, 0, 1, 1, 0, 1
Ⅳ-B407, 3, 4, 0, 1, 1, 1, 1
Ⅳ-B407, 4, 4, 1, 0, 0, 0, 1
Ⅳ-B407, 5, 4, 1, 1, 1, 1, 1
Ⅳ-B407, 6, 4, 1, 1, 1, 1, 1
Ⅳ-B407, 7, 4, 1, 1, 1, 1, 1
Ⅳ-B307, 1, 4, 0, 1, 0, 0, 1
Ⅳ-B307, 2, 4, 0, 1, 0, 0, 1
Ⅳ-B307, 3, 4, 0, 0, 0, 1, 1
Ⅳ-B307, 4, 4, 0, 0, 0, 1, 1
Ⅳ-B307, 5, 4, 1, 1, 1, 1, 1
Ⅳ-B307, 6, 4, 1, 1, 1, 1, 1
Ⅳ-B307, 7, 4, 1, 1, 1, 1, 1
Ⅳ-C207, 1, 4, 1, 1, 1, 1, 1
Ⅳ-C207, 2, 4, 1, 1, 0, 1, 1
Ⅳ-C207, 3, 4, 0, 0, 1, 1, 1
Ⅳ-C207, 4, 4, 0, 1, 1, 1, 1
Ⅳ-C207, 5, 4, 1, 0, 0, 1, 1
Ⅳ-C207, 6, 4, 1, 1, 1, 1, 1
Ⅳ-C207, 7, 4, 1, 1, 1, 1, 1
Ⅳ-A407, 1, 4, 0, 0, 1, 0, 1
Ⅳ-A407, 2, 4, 0, 1, 0, 1, 1
Ⅳ-A407, 3, 4, 1, 0, 0, 1, 1
Ⅳ-A407, 4, 4, 0, 1, 0, 1, 1
Ⅳ-A407, 5, 4, 1, 1, 0, 0, 1
Ⅳ-A407, 6, 4, 1, 1, 1, 1, 1
Ⅳ-A407, 7, 4, 1, 1, 1, 1, 1
Ⅳ-A211, 1, 4, 0, 0, 1, 0, 0
Ⅳ-A211, 2, 4, 0, 0, 0, 0, 0
Ⅳ-A211, 3, 4, 0, 0, 0, 1, 0
Ⅳ-A211, 4, 4, 0, 0, 0, 0, 0
Ⅳ-A211, 5, 4, 0, 1, 0, 0, 1
Ⅳ-A211, 6, 4, 0, 1, 1, 0, 1
Ⅳ-A211, 7, 4, 0, 1, 1, 0, 1
Ⅳ-C504, 1, 4, 1, 1, 1, 1, 1
Ⅳ-C504, 2, 4, 1, 1, 1, 1, 1
Ⅳ-C504, 3, 4, 1, 1, 1, 1, 1
Ⅳ-C504, 4, 4, 1, 1, 1, 1, 1
Ⅳ-C504, 5, 4, 1, 1, 1, 1, 1
Ⅳ-C504, 6, 4, 1, 0, 1, 1, 1
Ⅳ-C504, 7, 4, 1, 1, 1, 1, 1
Ⅳ-A107, 1, 4, 0, 1, 1, 1, 1
Ⅳ-A107, 2, 4, 0, 0, 0, 0, 0
Ⅳ-A107, 3, 4, 1, 0, 0, 1, 0
Ⅳ-A107, 4, 4, 0, 1, 0, 0, 0
Ⅳ-A107, 5, 4, 1, 0, 1, 1, 0
Ⅳ-A107, 6, 4, 0, 0, 1, 0, 0
Ⅳ-A107, 7, 4, 0, 0, 0, 0, 0
Ⅳ-A110, 1, 4, 0, 0, 0, 0, 0
Ⅳ-A110, 2, 4, 0, 0, 0, 0, 0
Ⅳ-A110, 3, 4, 0, 0, 0, 1, 0
Ⅳ-A110, 4, 4, 0, 1, 0, 0, 0
Ⅳ-A110, 5, 4, 1, 0, 0, 1, 0
Ⅳ-A110, 6, 4, 0, 1, 1, 1, 1
Ⅳ-A110, 7, 4, 0, 1, 1, 0, 1
Ⅳ-A508, 1, 4, 0, 0, 0, 0, 1
Ⅳ-A508, 2, 4, 0, 0, 0, 0, 1
Ⅳ-A508, 3, 4, 0, 0, 0, 1, 1
Ⅳ-A508, 4, 4, 0, 0, 0, 0, 1
Ⅳ-A508, 5, 4, 0, 1, 1, 0, 1
Ⅳ-A508, 6, 4, 1, 1, 1, 1, 1
Ⅳ-A508, 7, 4, 1, 1, 1, 1, 1
逸夫楼104, 1, 4, 1, 1, 1, 1, 0
逸夫楼104, 2, 4, 1, 1, 1, 1, 1
逸夫楼104, 3, 4, 1, 1, 1, 1, 0
逸夫楼104, 4, 4, 1, 1, 1, 1, 1
逸夫楼104, 5, 4, 1, 1, 1, 1, 1
逸夫楼104, 6, 4, 1, 1, 1, 1, 1
逸夫楼104, 7, 4, 1, 1, 1, 1, 1
Ⅳ-A408, 1, 4, 1, 0, 1, 1, 1
Ⅳ-A408, 2, 4, 1, 1, 1, 1, 1
Ⅳ-A408, 3, 4, 1, 0, 1, 1, 1
Ⅳ-A408, 4, 4, 1, 1, 1, 1, 1
Ⅳ-A408, 5, 4, 1, 1, 1, 1, 1
Ⅳ-A408, 6, 4, 1, 1, 1, 1, 1
Ⅳ-A408, 7, 4, 1, 1, 1, 1, 1
Ⅳ-A510, 1, 4, 0, 0, 0, 0, 1
Ⅳ-A510, 2, 4, 0, 1, 0, 0, 1
Ⅳ-A510, 3, 4, 0, 0, 0, 1, 1
Ⅳ-A510, 4, 4, 0, 0, 0, 0, 1
Ⅳ-A510, 5, 4, 0, 1, 1, 1, 1
Ⅳ-A510, 6, 4, 1, 1, 1, 1, 1
Ⅳ-A510, 7, 4, 1, 1, 1, 1, 1
逸夫楼102, 1, 4, 0, 1, 1, 1, 1
逸夫楼102, 2, 4, 1, 1, 1, 1, 1
逸夫楼102, 3, 4, 1, 1, 0, 1, 0
逸夫楼102, 4, 4, 1, 1, 1, 1, 1
逸夫楼102, 5, 4, 1, 1, 0, 1, 1
逸夫楼102, 6, 4, 1, 1, 1, 1, 1
逸夫楼102, 7, 4, 1, 1, 1, 1, 1
Ⅳ-A505, 1, 4, 1, 1, 1, 1, 1
Ⅳ-A505, 2, 4, 1, 1, 1, 1, 1
Ⅳ-A505, 3, 4, 1, 1, 1, 1, 1
Ⅳ-A505, 4, 4, 1, 1, 1, 1, 1
Ⅳ-A505, 5, 4, 1, 1, 1, 1, 1
Ⅳ-A505, 6, 4, 1, 1, 1, 1, 1
Ⅳ-A505, 7, 4, 1, 1, 1, 1, 1
Ⅳ-B101, 1, 4, 1, 1, 1, 1, 1
Ⅳ-B101, 2, 4, 1, 1, 1, 1, 1
Ⅳ-B101, 3, 4, 1, 1, 1, 1, 1
Ⅳ-B101, 4, 4, 1, 1, 1, 1, 1
Ⅳ-B101, 5, 4, 1, 1, 1, 1, 1
Ⅳ-B101, 6, 4, 1, 1, 1, 1, 1
Ⅳ-B101, 7, 4, 1, 1, 1, 1, 1
Ⅳ-B506, 1, 4, 1, 1, 1, 1, 1
Ⅳ-B506, 2, 4, 1, 1, 1, 1, 1
Ⅳ-B506, 3, 4, 1, 1, 1, 1, 1
Ⅳ-B506, 4, 4, 1, 1, 1, 1, 1
Ⅳ-B506, 5, 4, 1, 1, 1, 1, 1
Ⅳ-B506, 6, 4, 1, 1, 1, 1, 1
Ⅳ-B506, 7, 4, 1, 1, 1, 1, 1
Ⅳ-B508, 1, 4, 1, 1, 1, 1, 1
Ⅳ-B508, 2, 4, 1, 1, 1, 1, 1
Ⅳ-B508, 3, 4, 1, 1, 1, 1, 1
Ⅳ-B508, 4, 4, 1, 1, 1, 1, 1
Ⅳ-B508, 5, 4, 1, 1, 1, 1, 1
Ⅳ-B508, 6, 4, 1, 1, 1, 1, 1
Ⅳ-B508, 7, 4, 1, 1, 1, 1, 1
Ⅳ-B509, 1, 4, 1, 1, 1, 1, 1
Ⅳ-B509, 2, 4, 1, 1, 1, 1, 1
Ⅳ-B509, 3, 4, 1, 1, 1, 1, 1
Ⅳ-B509, 4, 4, 1, 1, 1, 1, 1
Ⅳ-B509, 5, 4, 1, 1, 1, 1, 1
Ⅳ-B509, 6, 4, 1, 1, 1, 1, 1
Ⅳ-B509, 7, 4, 1, 1, 1, 1, 1
Ⅳ-B510, 1, 4, 1, 1, 1, 1, 1
Ⅳ-B510, 2, 4, 1, 1, 1, 1, 1
Ⅳ-B510, 3, 4, 1, 1, 1, 1, 1
Ⅳ-B510, 4, 4, 1, 1, 1, 1, 1
Ⅳ-B510, 5, 4, 1, 1, 1, 1, 1
Ⅳ-B510, 6, 4, 1, 1, 1, 1, 1
Ⅳ-B510, 7, 4, 1, 1, 1, 1, 1
Ⅳ-B512, 1, 4, 1, 1, 1, 1, 1
Ⅳ-B512, 2, 4, 1, 1, 1, 1, 1
Ⅳ-B512, 3, 4, 1, 1, 1, 1, 1
Ⅳ-B512, 4, 4, 1, 1, 1, 1, 1
Ⅳ-B512, 5, 4, 1, 1, 1, 1, 1
Ⅳ-B512, 6, 4, 1, 1, 1, 1, 1
Ⅳ-B512, 7, 4, 1, 1, 1, 1, 1
